0 56
0 95
0 118
0 127
0 149
0 154
0 175
0 198
0 233
0 261
0 306
0 319
0 330
0 347
0 350
0 413
0 445
0 453
0 461
0 490
0 513
0 520
0 533
0 543
0 562
0 564
0 602
0 613
0 646
0 656
0 671
0 672
0 697
0 705
0 715
0 722
0 726
0 727
0 783
0 784
0 788
0 828
0 897
0 905
0 915
0 917
0 920
0 929
0 932
0 936
0 946
0 950
0 961
0 986
0 1008
0 1014
0 1025
0 1044
0 1052
0 1060
0 1065
0 1067
0 1106
0 1155
0 1200
0 1251
0 1253
0 1257
0 1271
0 1273
0 1294
0 1298
0 1302
0 1325
0 1340
0 1364
0 1374
0 1420
0 1476
0 1488
0 1505
0 1515
0 1577
0 1593
0 1594
0 1660
0 1672
0 1679
0 1690
0 1704
0 1729
0 1741
0 1747
0 1756
0 1767
0 1802
0 1813
0 1814
0 1843
0 1907
0 1914
0 1918
0 1933
0 1943
0 1953
0 2048
0 2108
0 2146
0 2175
0 2176
0 2180
0 2184
0 2212
0 2227
0 2248
0 2252
0 2269
0 2300
0 2306
0 2311
0 2333
0 2352
0 2367
0 2373
0 2402
0 2407
0 2422
0 2423
0 2429
0 2482
0 2495
0 2504
0 2519
0 2524
0 2545
0 2546
0 2556
0 2562
0 2573
0 2574
0 2596
0 2620
0 2634
0 2683
0 2697
0 2711
0 2721
0 2723
0 2744
0 2760
0 2777
0 2792
0 2809
0 2876
0 2929
0 2965
0 3026
0 3105
0 3147
0 3197
0 3200
0 3219
0 3221
0 3227
0 3246
0 3288
0 3294
0 3314
0 3342
0 3347
0 3357
0 3362
0 3386
0 3412
0 3447
0 3467
0 3472
0 3483
0 3500
0 3516
0 3564
0 3572
0 3628
0 3646
0 3685
0 3730
0 3738
0 3747
0 3773
0 3794
0 3802
0 3805
0 3819
0 3825
0 3866
0 3905
0 3920
0 3927
0 3936
0 3944
1 4085
1 4161
1 4165
1 4190
1 4208
1 4226
1 4251
1 4253
1 4275
1 4280
1 4299
1 4302
1 4305
1 4324
1 4351
1 4396
1 4489
1 4503
1 4534
1 4588
1 4615
1 4641
1 4665
1 4702
1 4703
1 4718
1 4727
1 4739
1 4744
1 4751
1 4754
1 4805
1 4811
1 4832
1 4835
1 4843
1 4858
1 4865
1 4874
1 4909
1 4911
1 4917
1 4956
1 4964
1 4970
1 4973
1 4989
1 5010
1 5035
1 5036
1 5060
1 5061
1 5070
1 5078
1 5120
1 5139
1 5140
1 5153
1 5178
1 5181
1 5197
1 5203
1 5211
1 5287
1 5301
1 5306
1 5331
1 5390
1 5469
1 5474
1 5482
1 5492
1 5498
1 5543
1 5552
1 5575
1 5576
1 5604
1 5649
1 5652
1 5669
1 5687
1 5772
1 5781
1 5861
1 5863
1 5866
1 5870
1 5898
1 5932
1 5936
1 5957
1 5975
1 5977
1 5996
1 6021
1 6024
1 6031
1 6068
1 6077
1 6159
1 6165
1 6226
1 6237
1 6248
1 6249
1 6269
1 6303
1 6399
1 6447
1 6486
1 6488
1 6497
1 6498
1 6519
1 6523
1 6527
1 6534
1 6563
1 6571
1 6595
1 6600
1 6632
1 6640
1 6644
1 6670
1 6689
1 6693
1 6696
1 6698
1 6720
1 6756
1 6788
1 6817
1 6869
1 6899
1 6911
1 6985
1 6995
1 6999
1 7011
1 7100
1 7121
1 7123
1 7147
1 7162
1 7174
1 7178
1 7179
1 7192
1 7213
1 7222
1 7270
1 7310
1 7312
1 7313
1 7324
1 7325
1 7338
1 7346
1 7350
1 7365
1 7370
1 7387
1 7395
1 7396
1 7403
1 7443
1 7448
1 7468
1 7481
1 7485
1 7510
1 7547
1 7551
1 7555
1 7560
1 7583
1 7591
1 7593
1 7603
1 7611
1 7614
1 7615
1 7688
1 7711
1 7745
1 7760
1 7769
1 7788
1 7790
1 7800
1 7826
1 7829
1 7831
1 7844
1 7887
1 7907
1 7932
1 7954
