246
347
427
442
771
825
854
1009
1200
1207
1291
1634
1883
2133
2180
2191
2244
2749
2922
3170
3172
3561
3649
3969
4014
4040
4041
4042
4044
4045
4046
4070
4199
4268
4537
4677
4752
4757
5184
5337
5421
5424
5445
5459
5570
6006
6329
6536
6589
6652
6716
6726
6958
7019
8121
8126
8291
8717
9021
9153
9308
10076
10376
10790
10998
10999
11178
11233
11247
11439
11629
11642
11644
11646
11795
11860
12133
12260
12517
12871
13038
13047
13316
13385
13651
13672
13866
13870
14524
14652
14809
15179
15344
15348
15452
15490
16111
16196
16199
16429
16449
16495
16938
17001
17044
17723
18059
18700
18725
18826
18839
18952
19229
19321
19352
19368
19488
19725
19768
19959
20335
20338
20419
20641
20753
20945
21127
21360
21397
21565
21621
21992
22204
22336
22459
22728
22792
22811
23012
23035
23063
23080
23187
23391
23606
23608
23764
23858
24076
24180
24270
24357
24395
24479
24507
24618
24656
24734
24848
24882
24902
25199
25253
25455
25583
25808
25972
26089
26230
26603
26794
27037
27046
27195
27315
27332
27336
27350
27409
27452
27574
27711
27999
28026
28104
28337
28430
28675
29028
29083
29180
29182
29192
29259
29290
